5.559620857238769531e-01 5.788526535034179688e-01 -2.711682766675949097e-02
5.562742948532104492e-01 5.761159658432006836e-01 -2.748779207468032837e-02
5.560678243637084961e-01 5.787972211837768555e-01 -2.718598395586013794e-02
5.560992360115051270e-01 5.780768990516662598e-01 -2.720128744840621948e-02
5.563744306564331055e-01 5.769225358963012695e-01 -2.747496217489242554e-02
5.564088821411132812e-01 5.777356028556823730e-01 -2.739112824201583862e-02
5.560603737831115723e-01 5.777795314788818359e-01 -2.722882479429244995e-02
5.563315749168395996e-01 5.773757696151733398e-01 -2.729409188032150269e-02
5.561192631721496582e-01 5.779631137847900391e-01 -2.716409415006637573e-02
5.563368201255798340e-01 5.788741707801818848e-01 -2.727720886468887329e-02
5.565573573112487793e-01 5.763076543807983398e-01 -2.761857956647872925e-02
5.561550855636596680e-01 5.773355960845947266e-01 -2.717243880033493042e-02
5.563959479331970215e-01 5.760118961334228516e-01 -2.758517116308212280e-02
5.562260746955871582e-01 5.781123638153076172e-01 -2.726953476667404175e-02
5.562326908111572266e-01 5.778989791870117188e-01 -2.720879763364791870e-02
5.563704371452331543e-01 5.770361423492431641e-01 -2.738250046968460083e-02
5.565032362937927246e-01 5.764640569686889648e-01 -2.753189951181411743e-02
5.561589598655700684e-01 5.779916048049926758e-01 -2.714677900075912476e-02
5.564047098159790039e-01 5.781623721122741699e-01 -2.738975733518600464e-02
5.561615228652954102e-01 5.761578679084777832e-01 -2.721466869115829468e-02
5.563462376594543457e-01 5.753787755966186523e-01 -2.760948985815048218e-02
5.561929941177368164e-01 5.785840153694152832e-01 -2.719909697771072388e-02
5.563322305679321289e-01 5.774537324905395508e-01 -2.728006988763809204e-02
5.560661554336547852e-01 5.778815746307373047e-01 -2.711629122495651245e-02
5.562173128128051758e-01 5.770941972732543945e-01 -2.733048051595687866e-02
5.563392043113708496e-01 5.767411589622497559e-01 -2.744903415441513062e-02
5.564471483230590820e-01 5.773076415061950684e-01 -2.743393927812576294e-02
5.563760995864868164e-01 5.770233869552612305e-01 -2.740653604269027710e-02
5.563339591026306152e-01 5.777012705802917480e-01 -2.728902548551559448e-02
5.563137531280517578e-01 5.787978172302246094e-01 -2.723153680562973022e-02
5.560044646263122559e-01 5.767408609390258789e-01 -2.714975923299789429e-02
5.563313364982604980e-01 5.768623352050781250e-01 -2.744745463132858276e-02
5.561882257461547852e-01 5.778542160987854004e-01 -2.723195403814315796e-02
5.559878945350646973e-01 5.786821842193603516e-01 -2.710717171430587769e-02
5.562493205070495605e-01 5.777651071548461914e-01 -2.724833041429519653e-02
5.563625097274780273e-01 5.776237249374389648e-01 -2.740680426359176636e-02
5.561630725860595703e-01 5.783238410949707031e-01 -2.719115465879440308e-02
5.561600327491760254e-01 5.780594348907470703e-01 -2.722793072462081909e-02
5.563081502914428711e-01 5.781358480453491211e-01 -2.728047221899032593e-02
5.562733411788940430e-01 5.777887105941772461e-01 -2.725460380315780640e-02
5.563377141952514648e-01 5.768758058547973633e-01 -2.738947421312332153e-02
5.561722517013549805e-01 5.783014297485351562e-01 -2.719817310571670532e-02
5.559138655662536621e-01 5.782553553581237793e-01 -2.704732865095138550e-02
5.562297105789184570e-01 5.768643617630004883e-01 -2.730091661214828491e-02
5.561909079551696777e-01 5.778557062149047852e-01 -2.716936916112899780e-02
5.563753843307495117e-01 5.766146183013916016e-01 -2.745511382818222046e-02
5.562338232994079590e-01 5.781559944152832031e-01 -2.725287526845932007e-02
5.561330318450927734e-01 5.781518220901489258e-01 -2.716239541769027710e-02
5.562204718589782715e-01 5.787317752838134766e-01 -2.718126028776168823e-02
5.564678907394409180e-01 5.765199661254882812e-01 -2.754738181829452515e-02
5.564751625061035156e-01 5.775630474090576172e-01 -2.736175805330276489e-02
5.563917160034179688e-01 5.770180225372314453e-01 -2.741428464651107788e-02
5.564261674880981445e-01 5.764052867889404297e-01 -2.737534791231155396e-02
5.561182498931884766e-01 5.781111717224121094e-01 -2.716823667287826538e-02
5.561426877975463867e-01 5.777500867843627930e-01 -2.722749859094619751e-02
5.562353134155273438e-01 5.771242380142211914e-01 -2.728065103292465210e-02
5.562326908111572266e-01 5.767385959625244141e-01 -2.727482467889785767e-02
5.561027526855468750e-01 5.779295563697814941e-01 -2.711815387010574341e-02
5.564576983451843262e-01 5.774306654930114746e-01 -2.740118652582168579e-02
5.561435222625732422e-01 5.780794024467468262e-01 -2.718820422887802124e-02
