1.309590488672256470e-01 5.472571253776550293e-01 -2.365312874317169189e-01
1.077679395675659180e+00 3.057875037193298340e-01 -7.067984342575073242e-01
1.675837278366088867e+00 -2.312453508377075195e+00 1.229305744171142578e+00
8.279263377189636230e-01 -7.491877675056457520e-01 3.663024306297302246e-01
2.424019575119018555e-01 7.337351441383361816e-01 -4.966301321983337402e-01
8.187336325645446777e-01 -6.435019373893737793e-01 3.466278314590454102e-01
1.043402194976806641e+00 -7.070975899696350098e-01 2.900964617729187012e-01
1.194536089897155762e+00 -1.435992240905761719e+00 8.339657187461853027e-01
1.137028783559799194e-01 7.169271111488342285e-01 -3.185533881187438965e-01
-4.177881181240081787e-01 2.667340278625488281e+00 -1.662801504135131836e+00
1.234964728355407715e+00 -8.864338397979736328e-01 3.266552984714508057e-01
1.340693354606628418e+00 -1.233061790466308594e+00 5.332797169685363770e-01
4.362688362598419189e-01 5.162032246589660645e-01 -3.936212062835693359e-01
1.553270101547241211e+00 -2.577026605606079102e+00 1.575028657913208008e+00
2.442609518766403198e-03 1.634433269500732422e+00 -1.141000032424926758e+00
5.675958991050720215e-01 1.085280656814575195e+00 -9.673240780830383301e-01
-9.550518393516540527e-01 3.202076911926269531e+00 -1.810416460037231445e+00
7.328606247901916504e-01 -3.675611317157745361e-02 -1.092631518840789795e-01
-1.203786581754684448e-01 1.334895372390747070e+00 -7.968859076499938965e-01
-9.082131981849670410e-01 2.477545499801635742e+00 -1.195896148681640625e+00
1.439782977104187012e+00 -1.723661184310913086e+00 8.858270645141601562e-01
2.410576343536376953e+00 -3.544334888458251953e+00 1.797157526016235352e+00
-2.439152896404266357e-01 2.288314580917358398e+00 -1.501866102218627930e+00
2.520310282707214355e-01 6.904529333114624023e-01 -4.582949280738830566e-01
-2.124837934970855713e-01 1.571999311447143555e+00 -8.423935770988464355e-01
-3.943048417568206787e-01 2.608738660812377930e+00 -1.579648971557617188e+00
1.867741346359252930e+00 -2.345372915267944336e+00 9.648029208183288574e-01
1.511804342269897461e+00 -1.321545124053955078e+00 4.737642407417297363e-01
-4.578928649425506592e-01 1.840808629989624023e+00 -9.054780602455139160e-01
3.425146639347076416e-01 7.262137532234191895e-01 -5.264566540718078613e-01
2.845950126647949219e+00 -4.433105945587158203e+00 2.264051675796508789e+00
1.326376676559448242e+00 -1.881188869476318359e+00 1.073060512542724609e+00
1.443372368812561035e+00 -1.902457475662231445e+00 1.052154541015625000e+00
3.783154189586639404e-01 8.379874229431152344e-01 -6.675682663917541504e-01
2.226925849914550781e+00 -2.564705133438110352e+00 1.126915454864501953e+00
1.933971762657165527e+00 -3.039972782135009766e+00 1.643739461898803711e+00
1.199226260185241699e+00 -1.551022291183471680e+00 8.481364846229553223e-01
1.550693154335021973e+00 -5.136636495590209961e-01 -2.674368917942047119e-01
1.411525011062622070e+00 -1.391584873199462891e+00 6.238917112350463867e-01
2.286442518234252930e+00 -3.166677474975585938e+00 1.484494924545288086e+00
8.180002570152282715e-01 2.457577586174011230e-01 -5.268990993499755859e-01
1.507673382759094238e+00 -2.133838415145874023e+00 1.173163175582885742e+00
8.287016749382019043e-01 -1.281569153070449829e-01 -1.130209565162658691e-01
2.664634883403778076e-01 7.710058093070983887e-01 -5.187649130821228027e-01
3.133820593357086182e-01 1.141686439514160156e+00 -9.252485632896423340e-01
1.269986033439636230e+00 -1.077916383743286133e+00 3.530037701129913330e-01
-1.219157338142395020e+00 3.965931415557861328e+00 -2.243563175201416016e+00
1.154905319213867188e+00 -9.667193889617919922e-01 4.545736610889434814e-01
1.341369748115539551e+00 -8.308154940605163574e-01 1.088347434997558594e-01
-2.752874195575714111e-01 2.202844619750976562e+00 -1.337635278701782227e+00
6.908064484596252441e-01 4.753097891807556152e-01 -5.547606348991394043e-01
1.205716133117675781e+00 -8.413597941398620605e-01 2.141955196857452393e-01
7.695583105087280273e-01 -3.080508112907409668e-01 1.024453714489936829e-01
1.033287763595581055e+00 -8.268527388572692871e-01 3.278309404850006104e-01
1.236790537834167480e+00 -8.747472167015075684e-01 2.818353772163391113e-01
2.115234375000000000e+00 -2.282890319824218750e+00 8.724469542503356934e-01
-4.035751819610595703e-01 2.435518980026245117e+00 -1.488969087600708008e+00
1.095987200736999512e+00 -9.220812916755676270e-01 4.310127794742584229e-01
1.340664029121398926e+00 -1.948799848556518555e+00 1.164228081703186035e+00
1.622846245765686035e+00 -1.796256065368652344e+00 7.563781142234802246e-01
