-1.503204405307769775e-01 2.006950974464416504e-02 9.887990355491638184e-02
-1.497290432453155518e-01 1.517707109451293945e-02 9.437981247901916504e-02
-1.487329602241516113e-01 1.820112764835357666e-02 9.576721489429473877e-02
-1.495503038167953491e-01 1.809962093830108643e-02 9.797534346580505371e-02
-1.493980139493942261e-01 1.948751509189605713e-02 9.829264879226684570e-02
-1.493705809116363525e-01 1.561191678047180176e-02 9.357717633247375488e-02
-1.493105292320251465e-01 1.777681708335876465e-02 9.705860912799835205e-02
-1.488744020462036133e-01 1.649561524391174316e-02 9.586143493652343750e-02
-1.498972773551940918e-01 1.643449068069458008e-02 9.683910012245178223e-02
-1.497258543968200684e-01 1.973295211791992188e-02 9.847763180732727051e-02
-1.490542441606521606e-01 1.915526390075683594e-02 9.793494641780853271e-02
-1.488218307495117188e-01 1.718029379844665527e-02 9.636676311492919922e-02
-1.482587754726409912e-01 1.814627647399902344e-02 9.640340507030487061e-02
-1.485150754451751709e-01 1.806113123893737793e-02 9.723332524299621582e-02
-1.492854058742523193e-01 1.921726763248443604e-02 9.705609083175659180e-02
-1.496379375457763672e-01 1.715621352195739746e-02 9.678375720977783203e-02
-1.484763920307159424e-01 1.692128181457519531e-02 9.596222639083862305e-02
-1.500289440155029297e-01 1.827314496040344238e-02 9.807299077510833740e-02
-1.487776935100555420e-01 1.837189495563507080e-02 9.715270996093750000e-02
-1.496026068925857544e-01 1.639258861541748047e-02 9.454716742038726807e-02
-1.494791507720947266e-01 1.843908429145812988e-02 9.752517938613891602e-02
-1.501947492361068726e-01 1.770892739295959473e-02 9.744861721992492676e-02
-1.500151753425598145e-01 1.892229914665222168e-02 9.838801622390747070e-02
-1.494634449481964111e-01 1.817978918552398682e-02 9.728358685970306396e-02
-1.487531960010528564e-01 1.498332619667053223e-02 9.515982866287231445e-02
-1.496705412864685059e-01 1.584216952323913574e-02 9.443897008895874023e-02
-1.487395316362380981e-01 1.429700851440429688e-02 9.324154257774353027e-02
-1.495057642459869385e-01 1.758758723735809326e-02 9.705519676208496094e-02
-1.503741145133972168e-01 1.501226425170898438e-02 9.385696053504943848e-02
-1.499056518077850342e-01 1.712866127490997314e-02 9.731802344322204590e-02
-1.489034295082092285e-01 1.592639088630676270e-02 9.385381639003753662e-02
-1.493245661258697510e-01 1.986400783061981201e-02 9.859372675418853760e-02
-1.493405103683471680e-01 1.796808838844299316e-02 9.746731817722320557e-02
-1.485105752944946289e-01 1.645165681838989258e-02 9.598372876644134521e-02
-1.486092805862426758e-01 1.823523640632629395e-02 9.713575243949890137e-02
-1.494806706905364990e-01 1.600639522075653076e-02 9.376931190490722656e-02
-1.495214849710464478e-01 1.927538216114044189e-02 9.780654311180114746e-02
-1.475948542356491089e-01 1.687075197696685791e-02 9.591637551784515381e-02
-1.492160856723785400e-01 1.747494935989379883e-02 9.614244103431701660e-02
-1.493093371391296387e-01 1.778022944927215576e-02 9.707295894622802734e-02
-1.485785543918609619e-01 1.670707762241363525e-02 9.530444443225860596e-02
-1.488872021436691284e-01 1.546864211559295654e-02 9.383478760719299316e-02
-1.483424007892608643e-01 1.799148321151733398e-02 9.725889563560485840e-02
-1.498743891716003418e-01 1.738041639328002930e-02 9.660816192626953125e-02
-1.486830264329910278e-01 1.690387725830078125e-02 9.502111375331878662e-02
-1.479174792766571045e-01 1.838697493076324463e-02 9.759211540222167969e-02
-1.488473415374755859e-01 1.753892004489898682e-02 9.601718187332153320e-02
-1.492032557725906372e-01 1.932059228420257568e-02 9.879367053508758545e-02
-1.481016129255294800e-01 1.769717037677764893e-02 9.639121592044830322e-02
-1.498257219791412354e-01 1.884916424751281738e-02 9.793849289417266846e-02
-1.485546678304672241e-01 1.812291145324707031e-02 9.697189927101135254e-02
-1.497337520122528076e-01 1.885569095611572266e-02 9.791317582130432129e-02
-1.500818878412246704e-01 1.524427533149719238e-02 9.362615644931793213e-02
-1.487029790878295898e-01 1.625329256057739258e-02 9.622479975223541260e-02
-1.493512988090515137e-01 1.889663934707641602e-02 9.757402539253234863e-02
-1.491565108299255371e-01 1.542583107948303223e-02 9.432612359523773193e-02
-1.495367586612701416e-01 1.865857839584350586e-02 9.770539402961730957e-02
-1.500061750411987305e-01 1.911146938800811768e-02 9.719419479370117188e-02
-1.496914029121398926e-01 1.662322878837585449e-02 9.582008421421051025e-02
-1.508313864469528198e-01 2.029664814472198486e-02 9.953030943870544434e-02
