6.817881762981414795e-02 -2.360410094261169434e-01 2.781613916158676147e-02
8.339183032512664795e-02 -2.320532351732254028e-01 3.153377026319503784e-02
8.593551814556121826e-02 -2.327794432640075684e-01 2.988257259130477905e-02
8.246950060129165649e-02 -2.354554533958435059e-01 2.935039252042770386e-02
8.784002810716629028e-02 -2.324406802654266357e-01 3.068340569734573364e-02
8.837993443012237549e-02 -2.336131483316421509e-01 2.992392331361770630e-02
8.118054270744323730e-02 -2.358777821063995361e-01 2.868517488241195679e-02
9.061022102832794189e-02 -2.348019778728485107e-01 3.067641705274581909e-02
7.021679729223251343e-02 -2.350633740425109863e-01 2.792424708604812622e-02
7.690645754337310791e-02 -2.321804165840148926e-01 2.933054417371749878e-02
8.525954931974411011e-02 -2.336207926273345947e-01 2.969367057085037231e-02
8.029071241617202759e-02 -2.344693094491958618e-01 3.007388859987258911e-02
7.697454094886779785e-02 -2.359800636768341064e-01 2.885683625936508179e-02
7.683339715003967285e-02 -2.344147861003875732e-01 2.878742665052413940e-02
7.906914502382278442e-02 -2.357938438653945923e-01 2.899388223886489868e-02
8.131025731563568115e-02 -2.374960482120513916e-01 2.942175418138504028e-02
8.402793854475021362e-02 -2.334047257900238037e-01 2.949664741754531860e-02
7.466125488281250000e-02 -2.342803776264190674e-01 2.964829653501510620e-02
8.943186700344085693e-02 -2.310399711132049561e-01 3.110115975141525269e-02
8.460519462823867798e-02 -2.369063198566436768e-01 3.028341382741928101e-02
9.895821660757064819e-02 -2.314758896827697754e-01 3.224267810583114624e-02
8.681038022041320801e-02 -2.328073978424072266e-01 3.061800450086593628e-02
8.011034131050109863e-02 -2.345058321952819824e-01 2.970667928457260132e-02
7.436738908290863037e-02 -2.357758879661560059e-01 2.768424898386001587e-02
7.504357397556304932e-02 -2.352330982685089111e-01 2.921672910451889038e-02
7.485482096672058105e-02 -2.339397370815277100e-01 2.979046851396560669e-02
7.907773554325103760e-02 -2.366232872009277344e-01 2.790493518114089966e-02
7.869878411293029785e-02 -2.349035441875457764e-01 2.840795367956161499e-02
7.105598598718643188e-02 -2.354261875152587891e-01 2.812948077917098999e-02
7.565134763717651367e-02 -2.350497245788574219e-01 2.822335809469223022e-02
8.099682629108428955e-02 -2.337770611047744751e-01 2.981538325548171997e-02
8.094603568315505981e-02 -2.324950695037841797e-01 3.093943744897842407e-02
8.202023059129714966e-02 -2.346993237733840942e-01 2.903797477483749390e-02
7.724919915199279785e-02 -2.332625389099121094e-01 2.907203882932662964e-02
7.984539866447448730e-02 -2.339183092117309570e-01 3.092875331640243530e-02
8.861666172742843628e-02 -2.339633405208587646e-01 3.026386350393295288e-02
7.542757689952850342e-02 -2.318735569715499878e-01 2.989827841520309448e-02
8.034650981426239014e-02 -2.353821247816085815e-01 2.993597835302352905e-02
8.593252301216125488e-02 -2.335050106048583984e-01 3.155361860990524292e-02
9.793275594711303711e-02 -2.345392853021621704e-01 3.015588968992233276e-02
9.501752257347106934e-02 -2.327432930469512939e-01 3.158812969923019409e-02
7.687433063983917236e-02 -2.338501214981079102e-01 2.914910763502120972e-02
9.063418209552764893e-02 -2.314643561840057373e-01 3.175183385610580444e-02
8.005236834287643433e-02 -2.350759655237197876e-01 2.866484969854354858e-02
7.851271331310272217e-02 -2.333019673824310303e-01 2.904840558767318726e-02
7.959010452032089233e-02 -2.349567860364913940e-01 2.825020998716354370e-02
8.899905532598495483e-02 -2.316480875015258789e-01 3.137310594320297241e-02
7.684790343046188354e-02 -2.335614114999771118e-01 2.950752526521682739e-02
7.262516021728515625e-02 -2.357299625873565674e-01 2.958022803068161011e-02
7.378452271223068237e-02 -2.347471415996551514e-01 2.870392054319381714e-02
7.477661222219467163e-02 -2.321799695491790771e-01 2.918844670057296753e-02
7.275061309337615967e-02 -2.326675355434417725e-01 3.020431846380233765e-02
9.178043901920318604e-02 -2.293211221694946289e-01 3.250234574079513550e-02
7.825660705566406250e-02 -2.359586954116821289e-01 2.881946414709091187e-02
7.818086445331573486e-02 -2.341318130493164062e-01 3.005855530500411987e-02
8.819548040628433228e-02 -2.334280610084533691e-01 3.017314523458480835e-02
7.850036770105361938e-02 -2.373919785022735596e-01 2.899568527936935425e-02
8.821325749158859253e-02 -2.324880063533782959e-01 3.191899508237838745e-02
7.377040386199951172e-02 -2.341454625129699707e-01 3.005569428205490112e-02
9.115295112133026123e-02 -2.337070256471633911e-01 3.067793697118759155e-02
