8.907522261142730713e-02 1.225415244698524475e-01 -1.583801507949829102e-01
9.746536612510681152e-02 1.212250888347625732e-01 -1.565898358821868896e-01
1.387181282043457031e-01 1.086896434426307678e-01 -1.466514617204666138e-01
7.958549261093139648e-02 1.183875128626823425e-01 -1.596509814262390137e-01
8.229925483465194702e-02 1.172198653221130371e-01 -1.593793034553527832e-01
6.131350249052047729e-02 1.423442512750625610e-01 -1.664309501647949219e-01
8.549368381500244141e-02 1.228448674082756042e-01 -1.574155688285827637e-01
1.095088720321655273e-01 1.199218705296516418e-01 -1.561030596494674683e-01
8.265221863985061646e-02 1.299999952316284180e-01 -1.608515679836273193e-01
1.296169310808181763e-01 1.081093475222587585e-01 -1.472480595111846924e-01
1.387244611978530884e-01 1.073983535170555115e-01 -1.490555256605148315e-01
5.673404037952423096e-02 1.407359689474105835e-01 -1.675231307744979858e-01
1.141099482774734497e-01 1.167305856943130493e-01 -1.553387790918350220e-01
1.268251687288284302e-01 1.151393949985504150e-01 -1.494424939155578613e-01
8.898276090621948242e-02 1.311606317758560181e-01 -1.595112681388854980e-01
8.216594904661178589e-02 1.185105070471763611e-01 -1.601011902093887329e-01
1.018780916929244995e-01 1.265290826559066772e-01 -1.569718569517135620e-01
1.214617341756820679e-01 1.193156391382217407e-01 -1.502835899591445923e-01
9.698975086212158203e-02 1.282798349857330322e-01 -1.564272493124008179e-01
8.650473505258560181e-02 1.181196719408035278e-01 -1.589972972869873047e-01
1.220650970935821533e-01 1.135369911789894104e-01 -1.530718803405761719e-01
1.516377180814743042e-01 1.068906635046005249e-01 -1.466043591499328613e-01
1.208570450544357300e-01 1.148810088634490967e-01 -1.516731381416320801e-01
1.085551232099533081e-01 1.201504692435264587e-01 -1.538608372211456299e-01
9.197781980037689209e-02 1.255402565002441406e-01 -1.600619554519653320e-01
9.030754864215850830e-02 1.287283003330230713e-01 -1.596015989780426025e-01
1.046902835369110107e-01 1.162651330232620239e-01 -1.559838205575942993e-01
6.290626525878906250e-02 1.398573517799377441e-01 -1.649209111928939819e-01
9.586001932621002197e-02 1.240056157112121582e-01 -1.567203402519226074e-01
1.475538760423660278e-01 1.121134907007217407e-01 -1.477632224559783936e-01
1.098787635564804077e-01 1.245045512914657593e-01 -1.546929180622100830e-01
1.212350726127624512e-01 1.115894764661788940e-01 -1.529552936553955078e-01
1.124914735555648804e-01 1.159325540065765381e-01 -1.516547501087188721e-01
1.132901459932327271e-01 1.122404709458351135e-01 -1.529381424188613892e-01
1.053100377321243286e-01 1.282427459955215454e-01 -1.569069623947143555e-01
8.176258206367492676e-02 1.293356567621231079e-01 -1.615727394819259644e-01
1.064838916063308716e-01 1.198455616831779480e-01 -1.557085663080215454e-01
9.644679725170135498e-02 1.229678913950920105e-01 -1.558424532413482666e-01
9.811834990978240967e-02 1.223565191030502319e-01 -1.563074588775634766e-01
9.752644598484039307e-02 1.251930296421051025e-01 -1.576003730297088623e-01
6.391434371471405029e-02 1.414900273084640503e-01 -1.667117178440093994e-01
6.327696889638900757e-02 1.373088657855987549e-01 -1.655656844377517700e-01
1.275617629289627075e-01 1.086518242955207825e-01 -1.513267606496810913e-01
1.091567873954772949e-01 1.147812381386756897e-01 -1.585472226142883301e-01
7.420982420444488525e-02 1.357790529727935791e-01 -1.633786857128143311e-01
1.407452076673507690e-01 1.063570007681846619e-01 -1.459050774574279785e-01
1.482595056295394897e-01 1.051289141178131104e-01 -1.468772441148757935e-01
9.888748824596405029e-02 1.289808750152587891e-01 -1.568736135959625244e-01
1.283715069293975830e-01 1.130870282649993896e-01 -1.541854441165924072e-01
7.676541060209274292e-02 1.200397610664367676e-01 -1.611609011888504028e-01
1.105061471462249756e-01 1.180914640426635742e-01 -1.559541523456573486e-01
1.311534792184829712e-01 1.116421446204185486e-01 -1.488493680953979492e-01
1.318966001272201538e-01 1.118079051375389099e-01 -1.481600552797317505e-01
1.347155421972274780e-01 1.117985472083091736e-01 -1.473135501146316528e-01
1.002188324928283691e-01 1.320241242647171021e-01 -1.571922898292541504e-01
1.061568707227706909e-01 1.231046915054321289e-01 -1.549245715141296387e-01
1.145314425230026245e-01 1.156514734029769897e-01 -1.546910405158996582e-01
1.127769351005554199e-01 1.150697320699691772e-01 -1.546040773391723633e-01
1.244693249464035034e-01 1.165220513939857483e-01 -1.496531516313552856e-01
1.222139000892639160e-01 1.158682852983474731e-01 -1.507764160633087158e-01
