4.219728410243988037e-01 4.303417801856994629e-01 -1.207118704915046692e-01
4.226191937923431396e-01 4.295249581336975098e-01 -1.209676042199134827e-01
4.228202998638153076e-01 4.291850924491882324e-01 -1.208629533648490906e-01
4.220113158226013184e-01 4.315036833286285400e-01 -1.200261041522026062e-01
4.221641123294830322e-01 4.298943877220153809e-01 -1.208694055676460266e-01
4.223692119121551514e-01 4.304480254650115967e-01 -1.205635741353034973e-01
4.227415919303894043e-01 4.289983808994293213e-01 -1.216583326458930969e-01
4.228273928165435791e-01 4.292113184928894043e-01 -1.211075559258460999e-01
4.220203161239624023e-01 4.307872951030731201e-01 -1.207525953650474548e-01
4.222630262374877930e-01 4.303381443023681641e-01 -1.211690083146095276e-01
4.226978123188018799e-01 4.308507144451141357e-01 -1.197831407189369202e-01
4.224791824817657471e-01 4.301342368125915527e-01 -1.206497475504875183e-01
4.220144152641296387e-01 4.297078847885131836e-01 -1.206769570708274841e-01
4.224117696285247803e-01 4.314785003662109375e-01 -1.199975237250328064e-01
4.218300879001617432e-01 4.312338531017303467e-01 -1.201433762907981873e-01
4.222254157066345215e-01 4.294623732566833496e-01 -1.216368898749351501e-01
4.227397441864013672e-01 4.292304813861846924e-01 -1.216734573245048523e-01
4.225385189056396484e-01 4.300061464309692383e-01 -1.202954873442649841e-01
4.216618239879608154e-01 4.319863915443420410e-01 -1.197366192936897278e-01
4.219231605529785156e-01 4.313105344772338867e-01 -1.200707927346229553e-01
4.215922951698303223e-01 4.310937523841857910e-01 -1.202859953045845032e-01
4.226486682891845703e-01 4.287335574626922607e-01 -1.213995441794395447e-01
4.220587313175201416e-01 4.310070574283599854e-01 -1.203815713524818420e-01
4.222218096256256104e-01 4.301325082778930664e-01 -1.212476715445518494e-01
4.229148626327514648e-01 4.289073348045349121e-01 -1.218853220343589783e-01
4.220499694347381592e-01 4.312819540500640869e-01 -1.202455088496208191e-01
4.228441119194030762e-01 4.286673367023468018e-01 -1.219781711697578430e-01
4.220257997512817383e-01 4.293479919433593750e-01 -1.213526651263237000e-01
4.227331876754760742e-01 4.286960959434509277e-01 -1.214945092797279358e-01
4.222222566604614258e-01 4.303312301635742188e-01 -1.204530820250511169e-01
4.218356609344482422e-01 4.302862584590911865e-01 -1.211981549859046936e-01
4.218564331531524658e-01 4.320257008075714111e-01 -1.200644597411155701e-01
4.221221804618835449e-01 4.309095740318298340e-01 -1.200436726212501526e-01
4.221439957618713379e-01 4.291845858097076416e-01 -1.223896518349647522e-01
4.230921864509582520e-01 4.301933050155639648e-01 -1.208423003554344177e-01
4.224620461463928223e-01 4.285169541835784912e-01 -1.215934827923774719e-01
4.220944643020629883e-01 4.319575428962707520e-01 -1.200372353196144104e-01
4.218566119670867920e-01 4.302682280540466309e-01 -1.210405305027961731e-01
4.218363463878631592e-01 4.321056902408599854e-01 -1.198441758751869202e-01
4.227247834205627441e-01 4.291538894176483154e-01 -1.214229241013526917e-01
4.224053621292114258e-01 4.311273694038391113e-01 -1.199375465512275696e-01
4.230044484138488770e-01 4.307018816471099854e-01 -1.197822019457817078e-01
4.219964742660522461e-01 4.291413426399230957e-01 -1.214161291718482971e-01
4.226473569869995117e-01 4.300334155559539795e-01 -1.208021715283393860e-01
4.230272769927978516e-01 4.285853505134582520e-01 -1.218672469258308411e-01
4.220725595951080322e-01 4.299880266189575195e-01 -1.210573390126228333e-01
4.224221408367156982e-01 4.291714727878570557e-01 -1.213240548968315125e-01
4.221459627151489258e-01 4.301093220710754395e-01 -1.205814555287361145e-01
4.221713244915008545e-01 4.303292334079742432e-01 -1.211661174893379211e-01
4.220445156097412109e-01 4.309191107749938965e-01 -1.203050240874290466e-01
4.223985373973846436e-01 4.312103986740112305e-01 -1.198273375630378723e-01
4.228241443634033203e-01 4.304082989692687988e-01 -1.204730048775672913e-01
4.220058023929595947e-01 4.307410120964050293e-01 -1.202409341931343079e-01
4.222460091114044189e-01 4.314176440238952637e-01 -1.201488003134727478e-01
4.222227334976196289e-01 4.307457804679870605e-01 -1.204672232270240784e-01
4.219439923763275146e-01 4.300640225410461426e-01 -1.211941614747047424e-01
4.222868084907531738e-01 4.302029907703399658e-01 -1.207426711916923523e-01
4.221854805946350098e-01 4.299254417419433594e-01 -1.211840435862541199e-01
4.222106337547302246e-01 4.301536083221435547e-01 -1.208877041935920715e-01
4.226296544075012207e-01 4.283479452133178711e-01 -1.221355870366096497e-01
