-3.141989707946777344e-01 -4.376728832721710205e-01 -6.410410404205322266e-01
-3.131935000419616699e-01 -4.374580681324005127e-01 -6.398130655288696289e-01
-3.140220642089843750e-01 -4.377738237380981445e-01 -6.411085128784179688e-01
-3.128246068954467773e-01 -4.363019466400146484e-01 -6.420264244079589844e-01
-3.139019608497619629e-01 -4.369625151157379150e-01 -6.425449252128601074e-01
-3.141220211982727051e-01 -4.371983110904693604e-01 -6.419746279716491699e-01
-3.128879666328430176e-01 -4.348273575305938721e-01 -6.435144543647766113e-01
-3.135026693344116211e-01 -4.361453652381896973e-01 -6.423915624618530273e-01
-3.138705492019653320e-01 -4.367672502994537354e-01 -6.417666673660278320e-01
-3.144231438636779785e-01 -4.370531439781188965e-01 -6.416902542114257812e-01
-3.137538433074951172e-01 -4.372186064720153809e-01 -6.405925154685974121e-01
-3.136072158813476562e-01 -4.367939531803131104e-01 -6.419379711151123047e-01
-3.139283657073974609e-01 -4.374138116836547852e-01 -6.408500671386718750e-01
-3.126444816589355469e-01 -4.355059266090393066e-01 -6.431642174720764160e-01
-3.135200142860412598e-01 -4.363750815391540527e-01 -6.419623494148254395e-01
-3.143284320831298828e-01 -4.380627870559692383e-01 -6.404579281806945801e-01
-3.136257529258728027e-01 -4.368825554847717285e-01 -6.413475871086120605e-01
-3.127541542053222656e-01 -4.360729753971099854e-01 -6.421754360198974609e-01
-3.129927515983581543e-01 -4.364354610443115234e-01 -6.424484252929687500e-01
-3.127086162567138672e-01 -4.356471002101898193e-01 -6.428769826889038086e-01
-3.125799894332885742e-01 -4.360072910785675049e-01 -6.422811746597290039e-01
-3.127427697181701660e-01 -4.357730150222778320e-01 -6.419571042060852051e-01
-3.141169548034667969e-01 -4.381052255630493164e-01 -6.405569911003112793e-01
-3.131898641586303711e-01 -4.356056153774261475e-01 -6.424204707145690918e-01
-3.135742545127868652e-01 -4.366553425788879395e-01 -6.412138342857360840e-01
-3.131837248802185059e-01 -4.362586140632629395e-01 -6.418316960334777832e-01
-3.137672543525695801e-01 -4.367178976535797119e-01 -6.416290402412414551e-01
-3.145750761032104492e-01 -4.373562335968017578e-01 -6.410294175148010254e-01
-3.119604587554931641e-01 -4.346388578414916992e-01 -6.432704329490661621e-01
-3.147413730621337891e-01 -4.374794661998748779e-01 -6.413316726684570312e-01
-3.143286108970642090e-01 -4.372585415840148926e-01 -6.414992213249206543e-01
-3.152440190315246582e-01 -4.386373162269592285e-01 -6.393861174583435059e-01
-3.138807415962219238e-01 -4.361397027969360352e-01 -6.423082351684570312e-01
-3.135604262351989746e-01 -4.364617466926574707e-01 -6.423074603080749512e-01
-3.136795759201049805e-01 -4.363102316856384277e-01 -6.425663232803344727e-01
-3.149351477622985840e-01 -4.379335343837738037e-01 -6.406959295272827148e-01
-3.144030570983886719e-01 -4.381507337093353271e-01 -6.401914358139038086e-01
-3.131237626075744629e-01 -4.356141686439514160e-01 -6.428305506706237793e-01
-3.138238191604614258e-01 -4.372619092464447021e-01 -6.411573290824890137e-01
-3.137184381484985352e-01 -4.362503588199615479e-01 -6.424118876457214355e-01
-3.140135407447814941e-01 -4.375968873500823975e-01 -6.407272815704345703e-01
-3.132455945014953613e-01 -4.361465275287628174e-01 -6.421071887016296387e-01
-3.141864538192749023e-01 -4.372895658016204834e-01 -6.421520709991455078e-01
-3.137547969818115234e-01 -4.368838667869567871e-01 -6.421113610267639160e-01
-3.126239776611328125e-01 -4.355288445949554443e-01 -6.425167918205261230e-01
-3.140362501144409180e-01 -4.365398585796356201e-01 -6.426973938941955566e-01
-3.125234246253967285e-01 -4.354080259799957275e-01 -6.424655318260192871e-01
-3.137748837471008301e-01 -4.368768334388732910e-01 -6.417229771614074707e-01
-3.129758238792419434e-01 -4.358002841472625732e-01 -6.424792408943176270e-01
-3.140286207199096680e-01 -4.370640516281127930e-01 -6.420870423316955566e-01
-3.123834133148193359e-01 -4.355486035346984863e-01 -6.424827575683593750e-01
-3.117354512214660645e-01 -4.347815513610839844e-01 -6.431917548179626465e-01
-3.124936223030090332e-01 -4.355877041816711426e-01 -6.422414183616638184e-01
-3.133137822151184082e-01 -4.369876682758331299e-01 -6.416187882423400879e-01
-3.137723207473754883e-01 -4.369702935218811035e-01 -6.413531899452209473e-01
-3.133543133735656738e-01 -4.361912608146667480e-01 -6.427754163742065430e-01
-3.123552203178405762e-01 -4.349741935729980469e-01 -6.437613964080810547e-01
-3.132243156433105469e-01 -4.357744455337524414e-01 -6.426512002944946289e-01
-3.126729726791381836e-01 -4.353750348091125488e-01 -6.428136825561523438e-01
-3.135176897048950195e-01 -4.359692633152008057e-01 -6.432191133499145508e-01
-3.131663799285888672e-01 -4.361800253391265869e-01 -6.424582004547119141e-01
-3.122285604476928711e-01 -4.349949359893798828e-01 -6.428716182708740234e-01
