1.912408322095870972e-01 3.026821613311767578e-01 -9.856454282999038696e-02
1.970634311437606812e-01 2.867298126220703125e-01 -9.647337347269058228e-02
2.096016108989715576e-01 2.602060437202453613e-01 -1.322329938411712646e-01
1.625675559043884277e-01 2.805029749870300293e-01 -1.044330969452857971e-01
1.984862834215164185e-01 2.635939121246337891e-01 -1.110253706574440002e-01
1.530729085206985474e-01 2.944129705429077148e-01 -1.507874131202697754e-01
1.769064217805862427e-01 2.828170061111450195e-01 -1.060733273625373840e-01
1.855181157588958740e-01 2.795811295509338379e-01 -1.317487359046936035e-01
2.029427587985992432e-01 3.268508911132812500e-01 -1.063731387257575989e-01
1.888586282730102539e-01 2.570762634277343750e-01 -1.289793252944946289e-01
1.607633680105209351e-01 3.012803792953491211e-01 -1.108687892556190491e-01
1.932915002107620239e-01 2.889682054519653320e-01 -1.051775291562080383e-01
1.774701178073883057e-01 3.277220726013183594e-01 -1.246605888009071350e-01
1.752040833234786987e-01 3.124559521675109863e-01 -1.060498133301734924e-01
2.045891433954238892e-01 2.525593638420104980e-01 -1.103333011269569397e-01
2.122940868139266968e-01 3.215919733047485352e-01 -6.954783946275711060e-02
1.849933862686157227e-01 2.734411954879760742e-01 -1.158931031823158264e-01
1.612582653760910034e-01 2.843651771545410156e-01 -1.290338933467864990e-01
2.249394506216049194e-01 2.954890131950378418e-01 -8.245418220758438110e-02
1.520535051822662354e-01 2.661079168319702148e-01 -1.545880734920501709e-01
1.757063269615173340e-01 2.851151227951049805e-01 -9.886956959962844849e-02
2.092314064502716064e-01 2.689743638038635254e-01 -1.080360785126686096e-01
1.960676610469818115e-01 2.815378308296203613e-01 -9.736625105142593384e-02
2.095601409673690796e-01 2.831248044967651367e-01 -8.856750279664993286e-02
1.891672313213348389e-01 3.308063745498657227e-01 -1.106679514050483704e-01
2.005917280912399292e-01 3.315194249153137207e-01 -6.228379160165786743e-02
1.596973538398742676e-01 2.943645715713500977e-01 -1.218776479363441467e-01
1.917859017848968506e-01 3.021217584609985352e-01 -1.097813919186592102e-01
1.917407959699630737e-01 3.124424219131469727e-01 -1.062832847237586975e-01
1.778732985258102417e-01 2.719148397445678711e-01 -1.326699852943420410e-01
2.028861045837402344e-01 2.801032066345214844e-01 -7.717449218034744263e-02
1.881016194820404053e-01 2.780774831771850586e-01 -1.143909171223640442e-01
1.639436781406402588e-01 2.910912632942199707e-01 -1.687108874320983887e-01
1.655241847038269043e-01 3.090355396270751953e-01 -9.860051423311233521e-02
2.054787278175354004e-01 2.983927726745605469e-01 -8.050159364938735962e-02
1.858204454183578491e-01 2.982974052429199219e-01 -1.060266867280006409e-01
1.861814558506011963e-01 3.023679256439208984e-01 -1.314712762832641602e-01
1.938939690589904785e-01 2.515057325363159180e-01 -1.210159435868263245e-01
1.739948689937591553e-01 2.960522174835205078e-01 -1.154761686921119690e-01
1.994833052158355713e-01 2.876135706901550293e-01 -9.875530749559402466e-02
1.950966566801071167e-01 2.770343422889709473e-01 -1.079742684960365295e-01
1.623629331588745117e-01 3.094651699066162109e-01 -1.278836727142333984e-01
1.927613615989685059e-01 2.872964739799499512e-01 -8.047599345445632935e-02
1.934717148542404175e-01 2.586370706558227539e-01 -1.096137240529060364e-01
1.851873099803924561e-01 2.599992752075195312e-01 -9.568903595209121704e-02
1.765681803226470947e-01 2.751856446266174316e-01 -1.125678494572639465e-01
1.831620633602142334e-01 2.413782775402069092e-01 -1.264220178127288818e-01
1.728554368019104004e-01 2.549493312835693359e-01 -1.412138044834136963e-01
1.747571229934692383e-01 2.815679907798767090e-01 -1.054651811718940735e-01
1.871663480997085571e-01 2.678537368774414062e-01 -9.800631552934646606e-02
1.780281066894531250e-01 2.846281528472900391e-01 -1.249275282025337219e-01
1.840080022811889648e-01 3.087124824523925781e-01 -1.009747460484504700e-01
1.878686696290969849e-01 2.723582983016967773e-01 -1.150823310017585754e-01
1.528003662824630737e-01 2.820984125137329102e-01 -1.266388297080993652e-01
1.660686582326889038e-01 2.566349506378173828e-01 -1.255477070808410645e-01
1.835039407014846802e-01 2.915005683898925781e-01 -1.117937341332435608e-01
2.003993839025497437e-01 2.803052663803100586e-01 -1.200826838612556458e-01
1.731817573308944702e-01 2.964574098587036133e-01 -1.143612042069435120e-01
1.924687922000885010e-01 2.674307823181152344e-01 -9.763459116220474243e-02
1.884099245071411133e-01 3.028816580772399902e-01 -9.863222390413284302e-02
