7.975272834300994873e-02 -5.763632804155349731e-02 -4.139027372002601624e-02
8.005918562412261963e-02 -5.916800349950790405e-02 -4.476889222860336304e-02
8.011896163225173950e-02 -5.890309438109397888e-02 -4.299429804086685181e-02
8.002199232578277588e-02 -5.834138393402099609e-02 -4.352601990103721619e-02
8.000753819942474365e-02 -5.956324934959411621e-02 -4.456951841711997986e-02
8.021851629018783569e-02 -5.958520248532295227e-02 -4.469962418079376221e-02
8.003323525190353394e-02 -5.873210355639457703e-02 -4.174715653061866760e-02
8.009156584739685059e-02 -5.812688171863555908e-02 -4.294423013925552368e-02
8.005181699991226196e-02 -5.798108130693435669e-02 -4.267530515789985657e-02
8.003279566764831543e-02 -6.037380546331405640e-02 -4.539064690470695496e-02
8.019241690635681152e-02 -5.971984565258026123e-02 -4.612633958458900452e-02
7.981434464454650879e-02 -6.022272258996963501e-02 -4.388789087533950806e-02
8.009932935237884521e-02 -5.753422901034355164e-02 -4.230606183409690857e-02
8.042699098587036133e-02 -5.876865237951278687e-02 -4.363358765840530396e-02
8.012298494577407837e-02 -5.994511395692825317e-02 -4.502661526203155518e-02
8.008116483688354492e-02 -5.789764598011970520e-02 -4.313261806964874268e-02
8.002439141273498535e-02 -5.871415883302688599e-02 -4.317979142069816589e-02
8.024379611015319824e-02 -5.901565775275230408e-02 -4.476363956928253174e-02
8.010996878147125244e-02 -5.932566523551940918e-02 -4.442859068512916565e-02
8.007514476776123047e-02 -5.838110670447349548e-02 -4.339463636279106140e-02
8.013075590133666992e-02 -5.754797905683517456e-02 -4.276509582996368408e-02
7.994551956653594971e-02 -5.886701494455337524e-02 -4.465402662754058838e-02
8.007313311100006104e-02 -5.929734557867050171e-02 -4.446114227175712585e-02
8.003316819667816162e-02 -5.976111814379692078e-02 -4.342812672257423401e-02
7.991455495357513428e-02 -6.052468344569206238e-02 -4.536155238747596741e-02
7.997928559780120850e-02 -5.856425687670707703e-02 -4.278033599257469177e-02
8.023287355899810791e-02 -5.938984081149101257e-02 -4.448242485523223877e-02
8.031067252159118652e-02 -5.824054032564163208e-02 -4.480128735303878784e-02
8.018359541893005371e-02 -5.788651853799819946e-02 -4.434037953615188599e-02
8.003300428390502930e-02 -5.864834040403366089e-02 -4.463709145784378052e-02
8.002942800521850586e-02 -5.944171547889709473e-02 -4.503099247813224792e-02
8.004201948642730713e-02 -5.981341376900672913e-02 -4.438323900103569031e-02
8.002540469169616699e-02 -5.941827967762947083e-02 -4.411134123802185059e-02
8.008345216512680054e-02 -5.958346277475357056e-02 -4.465124383568763733e-02
7.978058606386184692e-02 -6.036175414919853210e-02 -4.464759677648544312e-02
7.994682341814041138e-02 -6.018514558672904968e-02 -4.601634666323661804e-02
8.005660027265548706e-02 -5.828036367893218994e-02 -4.413244873285293579e-02
7.993101328611373901e-02 -6.131540238857269287e-02 -4.691821709275245667e-02
7.988267391920089722e-02 -6.148726493120193481e-02 -4.687768593430519104e-02
7.978461682796478271e-02 -5.940479040145874023e-02 -4.395500198006629944e-02
7.987017184495925903e-02 -5.891529098153114319e-02 -4.317101463675498962e-02
7.980754971504211426e-02 -5.950957909226417542e-02 -4.535386338829994202e-02
7.993821054697036743e-02 -5.900579318404197693e-02 -4.435885697603225708e-02
7.992993295192718506e-02 -5.729638040065765381e-02 -4.118975251913070679e-02
8.007888495922088623e-02 -6.019767373800277710e-02 -4.518323391675949097e-02
8.001719415187835693e-02 -5.879062041640281677e-02 -4.343830049037933350e-02
8.005767315626144409e-02 -5.816180631518363953e-02 -4.411574825644493103e-02
8.017878234386444092e-02 -5.791602283716201782e-02 -4.314536973834037781e-02
8.018532395362854004e-02 -5.720371380448341370e-02 -4.259480163455009460e-02
8.004805445671081543e-02 -5.746720731258392334e-02 -4.301912710070610046e-02
8.014815300703048706e-02 -5.737732350826263428e-02 -4.193072393536567688e-02
8.020047843456268311e-02 -5.820008739829063416e-02 -4.306700825691223145e-02
8.005741983652114868e-02 -5.865676701068878174e-02 -4.361224919557571411e-02
8.013705164194107056e-02 -5.814383551478385925e-02 -4.345332086086273193e-02
8.001928031444549561e-02 -5.792723968625068665e-02 -4.216376692056655884e-02
8.007943630218505859e-02 -5.904537066817283630e-02 -4.310776293277740479e-02
8.009870350360870361e-02 -5.813235789537429810e-02 -4.258452728390693665e-02
8.002490550279617310e-02 -5.824714526534080505e-02 -4.399887099862098694e-02
8.016420155763626099e-02 -5.882412940263748169e-02 -4.302046447992324829e-02
7.985156029462814331e-02 -5.708752200007438660e-02 -4.151880368590354919e-02
7.988119125366210938e-02 -5.952952057123184204e-02 -4.325158149003982544e-02
8.016874641180038452e-02 -5.845732241868972778e-02 -4.345171526074409485e-02
