-3.382445871829986572e-01 2.685176134109497070e-01 2.841341495513916016e-01
-3.376378118991851807e-01 2.698072195053100586e-01 2.831143438816070557e-01
-3.375724256038665771e-01 2.681356668472290039e-01 2.840018570423126221e-01
-3.379296958446502686e-01 2.689036726951599121e-01 2.846701145172119141e-01
-3.378310799598693848e-01 2.683466076850891113e-01 2.837263643741607666e-01
-3.378321230411529541e-01 2.680027484893798828e-01 2.836342751979827881e-01
-3.376937806606292725e-01 2.682532668113708496e-01 2.841276526451110840e-01
-3.376420140266418457e-01 2.680487632751464844e-01 2.839318811893463135e-01
-3.381690084934234619e-01 2.680161595344543457e-01 2.842880487442016602e-01
-3.377957344055175781e-01 2.681415081024169922e-01 2.844575047492980957e-01
-3.379093110561370850e-01 2.680696845054626465e-01 2.843578457832336426e-01
-3.380460143089294434e-01 2.685379981994628906e-01 2.838681936264038086e-01
-3.378234803676605225e-01 2.685416936874389648e-01 2.838305830955505371e-01
-3.375673294067382812e-01 2.679851055145263672e-01 2.840583920478820801e-01
-3.377432525157928467e-01 2.681009769439697266e-01 2.843320965766906738e-01
-3.373795151710510254e-01 2.688587307929992676e-01 2.837164998054504395e-01
-3.377800583839416504e-01 2.686331272125244141e-01 2.849866151809692383e-01
-3.379662930965423584e-01 2.680434584617614746e-01 2.842994630336761475e-01
-3.373528420925140381e-01 2.691515684127807617e-01 2.836223244667053223e-01
-3.374960422515869141e-01 2.687801122665405273e-01 2.840907871723175049e-01
-3.380508720874786377e-01 2.685660719871520996e-01 2.837981581687927246e-01
-3.378731608390808105e-01 2.686843276023864746e-01 2.838677167892456055e-01
-3.376632332801818848e-01 2.686269283294677734e-01 2.847164869308471680e-01
-3.380740284919738770e-01 2.681831717491149902e-01 2.844436764717102051e-01
-3.375380933284759521e-01 2.688609361648559570e-01 2.839145064353942871e-01
-3.378840386867523193e-01 2.678821682929992676e-01 2.840211391448974609e-01
-3.376188576221466064e-01 2.682784795761108398e-01 2.841253876686096191e-01
-3.378530740737915039e-01 2.686670422554016113e-01 2.842926383018493652e-01
-3.377133607864379883e-01 2.681902050971984863e-01 2.839528918266296387e-01
-3.374262154102325439e-01 2.686948776245117188e-01 2.837219536304473877e-01
-3.380371332168579102e-01 2.676384449005126953e-01 2.842309474945068359e-01
-3.378885984420776367e-01 2.680141329765319824e-01 2.836790680885314941e-01
-3.377592265605926514e-01 2.680980563163757324e-01 2.839865088462829590e-01
-3.373662531375885010e-01 2.690605521202087402e-01 2.835988998413085938e-01
-3.378303945064544678e-01 2.689576745033264160e-01 2.840965390205383301e-01
-3.381178975105285645e-01 2.676334977149963379e-01 2.839649319648742676e-01
-3.376145660877227783e-01 2.682816982269287109e-01 2.837545275688171387e-01
-3.375597298145294189e-01 2.686406970024108887e-01 2.847555577754974365e-01
-3.377971649169921875e-01 2.686950564384460449e-01 2.843519449234008789e-01
-3.375735282897949219e-01 2.688114643096923828e-01 2.837066650390625000e-01
-3.378845453262329102e-01 2.686501145362854004e-01 2.840501070022583008e-01
-3.377015590667724609e-01 2.688527703285217285e-01 2.842242717742919922e-01
-3.376105427742004395e-01 2.685157060623168945e-01 2.846844792366027832e-01
-3.378880918025970459e-01 2.681892514228820801e-01 2.844123840332031250e-01
-3.376579880714416504e-01 2.688345909118652344e-01 2.840244174003601074e-01
-3.372450768947601318e-01 2.684199213981628418e-01 2.844806909561157227e-01
-3.378341495990753174e-01 2.675630450248718262e-01 2.843452394008636475e-01
-3.378749191761016846e-01 2.686916589736938477e-01 2.845159769058227539e-01
-3.377605378627777100e-01 2.677844166755676270e-01 2.840815186500549316e-01
-3.378220200538635254e-01 2.689489722251892090e-01 2.840314507484436035e-01
-3.374949693679809570e-01 2.686731219291687012e-01 2.848925590515136719e-01
-3.379385471343994141e-01 2.677824497222900391e-01 2.838740944862365723e-01
-3.378290235996246338e-01 2.679269909858703613e-01 2.840468287467956543e-01
-3.376330137252807617e-01 2.687353491783142090e-01 2.845654785633087158e-01
-3.376446962356567383e-01 2.682770490646362305e-01 2.835942208766937256e-01
-3.379097878932952881e-01 2.680194973945617676e-01 2.838431298732757568e-01
-3.377337157726287842e-01 2.680603265762329102e-01 2.840009927749633789e-01
-3.375579714775085449e-01 2.681369781494140625e-01 2.841852903366088867e-01
-3.378698825836181641e-01 2.684492468833923340e-01 2.843968272209167480e-01
-3.382767438888549805e-01 2.682083249092102051e-01 2.842662334442138672e-01
