-9.400779008865356445e-02 -2.186319231986999512e-02 -3.243117630481719971e-01
-9.373646974563598633e-02 -2.178201079368591309e-02 -3.244470655918121338e-01
-9.374144673347473145e-02 -2.177378535270690918e-02 -3.244852125644683838e-01
-9.387165307998657227e-02 -2.175904810428619385e-02 -3.243096768856048584e-01
-9.388324618339538574e-02 -2.178061008453369141e-02 -3.243291378021240234e-01
-9.380662441253662109e-02 -2.177298069000244141e-02 -3.244687020778656006e-01
-9.385567903518676758e-02 -2.175110578536987305e-02 -3.244629204273223877e-01
-9.388932585716247559e-02 -2.178750932216644287e-02 -3.243159055709838867e-01
-9.390938282012939453e-02 -2.181935310363769531e-02 -3.243422806262969971e-01
-9.384080767631530762e-02 -2.185809612274169922e-02 -3.244230151176452637e-01
-9.390357136726379395e-02 -2.178436517715454102e-02 -3.243143558502197266e-01
-9.396824240684509277e-02 -2.183686196804046631e-02 -3.243310153484344482e-01
-9.386876225471496582e-02 -2.182804048061370850e-02 -3.243072926998138428e-01
-9.365010261535644531e-02 -2.173033356666564941e-02 -3.245497345924377441e-01
-9.383675456047058105e-02 -2.181363105773925781e-02 -3.244155347347259521e-01
-9.390521049499511719e-02 -2.173325419425964355e-02 -3.243173062801361084e-01
-9.394872188568115234e-02 -2.185285091400146484e-02 -3.243250548839569092e-01
-9.385767579078674316e-02 -2.182319760322570801e-02 -3.243460357189178467e-01
-9.380203485488891602e-02 -2.177029848098754883e-02 -3.243715167045593262e-01
-9.401920437812805176e-02 -2.181513607501983643e-02 -3.243414461612701416e-01
-9.387865662574768066e-02 -2.179172635078430176e-02 -3.243322670459747314e-01
-9.376835823059082031e-02 -2.187612652778625488e-02 -3.244714736938476562e-01
-9.389790892601013184e-02 -2.185282111167907715e-02 -3.244180381298065186e-01
-9.395280480384826660e-02 -2.184280753135681152e-02 -3.243224918842315674e-01
-9.390464425086975098e-02 -2.182769775390625000e-02 -3.243859410285949707e-01
-9.363323450088500977e-02 -2.172702550888061523e-02 -3.245071470737457275e-01
-9.392011165618896484e-02 -2.184328436851501465e-02 -3.244436681270599365e-01
-9.389802813529968262e-02 -2.181693911552429199e-02 -3.242335319519042969e-01
-9.370625019073486328e-02 -2.169975638389587402e-02 -3.245261609554290771e-01
-9.380805492401123047e-02 -2.181212604045867920e-02 -3.244490623474121094e-01
-9.386709332466125488e-02 -2.173855900764465332e-02 -3.243850171566009521e-01
-9.370577335357666016e-02 -2.172777056694030762e-02 -3.245298266410827637e-01
-9.380421042442321777e-02 -2.181252837181091309e-02 -3.244454562664031982e-01
-9.393349289894104004e-02 -2.186109125614166260e-02 -3.242941498756408691e-01
-9.379497170448303223e-02 -2.182643115520477295e-02 -3.244227468967437744e-01
-9.393343329429626465e-02 -2.183903753757476807e-02 -3.243376016616821289e-01
-9.371399879455566406e-02 -2.173990011215209961e-02 -3.245190083980560303e-01
-9.389621019363403320e-02 -2.181899547576904297e-02 -3.243445158004760742e-01
-9.384453296661376953e-02 -2.176979184150695801e-02 -3.242835700511932373e-01
-9.373521804809570312e-02 -2.175107598304748535e-02 -3.244906961917877197e-01
-9.384125471115112305e-02 -2.183064818382263184e-02 -3.244428932666778564e-01
-9.388995170593261719e-02 -2.185958623886108398e-02 -3.244407474994659424e-01
-9.392949938774108887e-02 -2.177466452121734619e-02 -3.242485523223876953e-01
-9.369343519210815430e-02 -2.171933650970458984e-02 -3.245091736316680908e-01
-9.376612305641174316e-02 -2.179893851280212402e-02 -3.244569599628448486e-01
-9.395393729209899902e-02 -2.187083661556243896e-02 -3.243882060050964355e-01
-9.394922852516174316e-02 -2.186499536037445068e-02 -3.243062496185302734e-01
-9.415978193283081055e-02 -2.187472581863403320e-02 -3.242376744747161865e-01
-9.374818205833435059e-02 -2.177470922470092773e-02 -3.244634866714477539e-01
-9.395819902420043945e-02 -2.176928520202636719e-02 -3.242450356483459473e-01
-9.413009881973266602e-02 -2.190759778022766113e-02 -3.242345750331878662e-01
-9.396904706954956055e-02 -2.179791033267974854e-02 -3.243000507354736328e-01
-9.387668967247009277e-02 -2.181345224380493164e-02 -3.243584930896759033e-01
-9.399774670600891113e-02 -2.177876234054565430e-02 -3.244034051895141602e-01
-9.371826052665710449e-02 -2.172438800334930420e-02 -3.245208561420440674e-01
-9.381407499313354492e-02 -2.175451815128326416e-02 -3.244687616825103760e-01
-9.390956163406372070e-02 -2.177733182907104492e-02 -3.242805302143096924e-01
-9.401485323905944824e-02 -2.185602486133575439e-02 -3.243369460105895996e-01
-9.373003244400024414e-02 -2.184276282787322998e-02 -3.244583904743194580e-01
-9.362432360649108887e-02 -2.172712981700897217e-02 -3.245202898979187012e-01
-9.372556209564208984e-02 -2.176634967327117920e-02 -3.244540691375732422e-01
-9.401124715805053711e-02 -2.183794975280761719e-02 -3.242560327053070068e-01
