3.865019977092742920e-01 4.044409394264221191e-01 2.126633971929550171e-01
3.866321444511413574e-01 4.044114351272583008e-01 2.127208411693572998e-01
3.863086998462677002e-01 4.045128226280212402e-01 2.124795615673065186e-01
3.865796625614166260e-01 4.044321179389953613e-01 2.126961648464202881e-01
3.863604366779327393e-01 4.045758247375488281e-01 2.123703956604003906e-01
3.865630030632019043e-01 4.044302701950073242e-01 2.126984000205993652e-01
3.863112330436706543e-01 4.045034646987915039e-01 2.124563455581665039e-01
3.864253759384155273e-01 4.044318199157714844e-01 2.126602530479431152e-01
3.865087032318115234e-01 4.044508934020996094e-01 2.125974148511886597e-01
3.862197399139404297e-01 4.045684039592742920e-01 2.123770117759704590e-01
3.865417838096618652e-01 4.045706391334533691e-01 2.125048488378524780e-01
3.864872455596923828e-01 4.044492244720458984e-01 2.126730978488922119e-01
3.863155245780944824e-01 4.045869708061218262e-01 2.123599052429199219e-01
3.864176571369171143e-01 4.044418632984161377e-01 2.126088440418243408e-01
3.865793645381927490e-01 4.045723676681518555e-01 2.125551402568817139e-01
3.864023387432098389e-01 4.045196473598480225e-01 2.125148922204971313e-01
3.864557743072509766e-01 4.045515060424804688e-01 2.125036418437957764e-01
3.864485025405883789e-01 4.044234454631805420e-01 2.126579582691192627e-01
3.865947127342224121e-01 4.044584333896636963e-01 2.127111256122589111e-01
3.866513669490814209e-01 4.042806029319763184e-01 2.129700928926467896e-01
3.861438035964965820e-01 4.045898318290710449e-01 2.122998535633087158e-01
3.863343894481658936e-01 4.046179652214050293e-01 2.123913466930389404e-01
3.864909112453460693e-01 4.045060276985168457e-01 2.125606238842010498e-01
3.866660594940185547e-01 4.044142365455627441e-01 2.127589136362075806e-01
3.866118490695953369e-01 4.045224189758300781e-01 2.126356512308120728e-01
3.862977921962738037e-01 4.044740796089172363e-01 2.125562429428100586e-01
3.862265646457672119e-01 4.046374559402465820e-01 2.123365998268127441e-01
3.862552642822265625e-01 4.046078324317932129e-01 2.123113870620727539e-01
3.864298760890960693e-01 4.045572280883789062e-01 2.125246524810791016e-01
3.862071335315704346e-01 4.047493934631347656e-01 2.121481001377105713e-01
3.865974843502044678e-01 4.045584797859191895e-01 2.125362157821655273e-01
3.864834308624267578e-01 4.044653773307800293e-01 2.125661373138427734e-01
3.862293064594268799e-01 4.045429527759552002e-01 2.123943865299224854e-01
3.866279423236846924e-01 4.043462872505187988e-01 2.128498554229736328e-01
3.864368796348571777e-01 4.044969081878662109e-01 2.125650346279144287e-01
3.862234055995941162e-01 4.045846760272979736e-01 2.123771011829376221e-01
3.861989676952362061e-01 4.046668112277984619e-01 2.122691869735717773e-01
3.865831494331359863e-01 4.045676589012145996e-01 2.125027179718017578e-01
3.861123621463775635e-01 4.045765399932861328e-01 2.123332619667053223e-01
3.864606320858001709e-01 4.044038653373718262e-01 2.126910686492919922e-01
3.863758742809295654e-01 4.044548571109771729e-01 2.125698029994964600e-01
3.865655362606048584e-01 4.045499861240386963e-01 2.125312685966491699e-01
3.862389028072357178e-01 4.045653343200683594e-01 2.124133557081222534e-01
3.865555822849273682e-01 4.042722284793853760e-01 2.129105031490325928e-01
3.865655362606048584e-01 4.044159054756164551e-01 2.126799225807189941e-01
3.865512311458587646e-01 4.044560790061950684e-01 2.126728296279907227e-01
3.863340914249420166e-01 4.045677483081817627e-01 2.124050259590148926e-01
3.863383829593658447e-01 4.043557345867156982e-01 2.127301394939422607e-01
3.866710364818572998e-01 4.044700562953948975e-01 2.126856148242950439e-01
3.861330449581146240e-01 4.045013189315795898e-01 2.124111652374267578e-01
3.865986168384552002e-01 4.042546451091766357e-01 2.129930406808853149e-01
3.866207301616668701e-01 4.044451117515563965e-01 2.126949280500411987e-01
3.861153423786163330e-01 4.045708775520324707e-01 2.123209238052368164e-01
3.862996399402618408e-01 4.046097397804260254e-01 2.123504877090454102e-01
3.864760100841522217e-01 4.044161438941955566e-01 2.127459943294525146e-01
3.863354623317718506e-01 4.044453501701354980e-01 2.126026451587677002e-01
3.864361047744750977e-01 4.045040905475616455e-01 2.125252485275268555e-01
3.865944445133209229e-01 4.044763445854187012e-01 2.126565873622894287e-01
3.865187466144561768e-01 4.045585095882415771e-01 2.125272750854492188e-01
3.866087198257446289e-01 4.044625163078308105e-01 2.126958072185516357e-01
